Traffic Loading Report
----------------------

Traffic source: Traffic from traffic database                     

Circuit-switched blocking probability:   1.00%

Circuit-switched average call duration:   1.76 minutes

Percent of total traffic carried by group: 100.00 %

          Circuit Traffic  Circuit Traffic   Number of    Channel  Current Blocking Packet Traffic
Sector ID   (mErlangs)    Required Channels Channels Set Shortfall Probability (%)  (average mbps)
--------- --------------- ----------------- ------------ --------- ---------------- --------------
ABAA0001      3080.79              9             16          -7          0.00          3.0808
ABAA0002      5015.43             12             16          -4          0.01          5.0154
ABAA0003      2261.66              7              8          -1          0.25          2.2617
ABAB0001       122.94              2              8          -6          0.00          0.1229
ABAB0002       626.99              4              8          -4          0.00          0.6270
ABAB0003       362.86              3              8          -5          0.00          0.3629
ABAC0001      5636.52             13             16          -3          0.03          5.6365
ABAC0002      9512.37             18             24          -6          0.01          9.5124
ABAC0003      9311.49             18             24          -6          0.00          9.3115
ABAD0002     12371.11             22             24          -2          0.23         12.3711
ABAD0003     19268.16             31             32          -1          0.53         19.2682
ABAE0001      9536.27             19             24          -5          0.01          9.5363
ABAE0002      8282.41             17             24          -7          0.00          8.2824
ABAE0003      8999.42             18             24          -6          0.00          8.9994
ABAF0001      2132.82              7              8          -1          0.17          2.1328
ABAF0002      4973.67             12             16          -4          0.01          4.9737
ABAF0003      1145.93              5              8          -3          0.00          1.1459
ABAG0001      7916.47             16             16           0          0.82          7.9165
ABAG0002      2741.67              8              8           0          0.78          2.7417
ABAG0003      8915.38             18             24          -6          0.00          8.9154
ABAH0001      4007.61             10             16          -6          0.00          4.0076
ABAH0002      2435.83              8              8           0          0.39          2.4358
ABAH0003      1310.78              6              8          -2          0.01          1.3108
ABAI0001      6941.72             15             16          -1          0.24          6.9417
ABAI0002     27091.81             41             48          -7          0.00         27.0918
ABAI0003     15755.34             27             32          -5          0.02         15.7553
ABAJ0001      2144.79              7              8          -1          0.18          2.1448
ABAJ0002      3122.62              9             16          -7          0.00          3.1226
ABAK0001      1778.85              7              8          -1          0.05          1.7788
ABAK0002       782.80              4              8          -4          0.00          0.7828
ABAL0001     14375.21             25             32          -7          0.00         14.3752
ABAL0002     22363.59             35             40          -5          0.00         22.3636
ABAL0003     20060.09             32             32           0          0.93         20.0601
ABAM0001     11417.33             21             24          -3          0.08         11.4173
ABAM0002      2597.78              8              8           0          0.57          2.5978
ABAN0001      1052.93              5              8          -3          0.00          1.0529
ABAN0002      1043.89              5              8          -3          0.00          1.0439
ABAN0003      1562.94              6              8          -2          0.02          1.5629
ABAO0001      1520.84              6              8          -2          0.02          1.5208
ABAO0002      2849.67              8              8           0          0.97          2.8497
ABAO0003      2153.66              7              8          -1          0.18          2.1537
ABAP0001      8204.47             17             24          -7          0.00          8.2045
ABAP0002     12983.35             23             24          -1          0.42         12.9834
ABAQ0003     12530.68             23             24          -1          0.27         12.5307
ABAQ0004      3071.84              9             16          -7          0.00          3.0718
ABAR0001     10577.28             20             24          -4          0.03         10.5773
ABAR0002        54.00              2              8          -6          0.00          0.0540
ABAS0003      8318.79             17             24          -7          0.00          8.3188
ABAS0004      2153.84              7              8          -1          0.18          2.1538
ABAT0001       482.89              4              8          -4          0.00          0.4829
ABAT0002      2849.78              8              8           0          0.97          2.8498
ABAV0002      3650.74             10             16          -6          0.00          3.6507
ABAV0003       401.89              3              8          -5          0.00          0.4019
ABAW0001       404.86              3              8          -5          0.00          0.4049
ABAW0002       524.97              4              8          -4          0.00          0.5250
ABAX0001       935.89              5              8          -3          0.00          0.9359
ABAX0002       713.97              4              8          -4          0.00          0.7140
ABAX0003      1592.84              6              8          -2          0.03          1.5928
ABAY0002      2738.93              8              8           0          0.77          2.7389
ABAY0003      1583.82              6              8          -2          0.03          1.5838
ABAZ0001      2465.78              8              8           0          0.42          2.4658
ABAZ0002       200.93              3              8          -5          0.00          0.2009
ABBA0001      4472.66             11             16          -5          0.00          4.4727
ABBA0002      1376.91              6              8          -2          0.01          1.3769
ABBB0002      1454.81              6              8          -2          0.01          1.4548
ABBB0003         9.00              1              0           1          0.90          0.0090
ABBC0001      1784.86              7              8          -1          0.06          1.7849
ABBC0002        65.99              2              8          -6          0.00          0.0660
ABBD0002        50.99              2              8          -6          0.00          0.0510
ABBE0001       326.99              3              8          -5          0.00          0.3270
ABBE0002       389.97              3              8          -5          0.00          0.3900
ABBF0001      1982.90              7              8          -1          0.11          1.9829
ABBF0003      1100.90              5              8          -3          0.00          1.1009
ABBG0001       920.90              5              8          -3          0.00          0.9209
ABBG0002      1697.87              6              8          -2          0.04          1.6979
ABBH0003      1049.87              5              8          -3          0.00          1.0499
