Traffic Loading Report
----------------------

Traffic source: Traffic from traffic database                     

Circuit-switched blocking probability:   1.00%

Circuit-switched average call duration:   1.76 minutes

Percent of total traffic carried by group: 100.00 %

          Circuit Traffic  Circuit Traffic   Number of    Channel  Current Blocking Packet Traffic
Sector ID   (mErlangs)    Required Channels Channels Set Shortfall Probability (%)  (average mbps)
--------- --------------- ----------------- ------------ --------- ---------------- --------------
ABAA0001      2948.83              9             16          -7          0.00          2.9488
ABAA0002      4862.45             12             16          -4          0.01          4.8625
ABAA0003      2162.68              7              8          -1          0.19          2.1627
ABAB0001       236.95              3              8          -5          0.00          0.2369
ABAB0002       626.99              4              8          -4          0.00          0.6270
ABAB0003       224.89              3              8          -5          0.00          0.2249
ABAC0001      5198.53             12             16          -4          0.01          5.1985
ABAC0002      8987.45             18             24          -6          0.00          8.9874
ABAC0003      8915.49             18             24          -6          0.00          8.9155
ABAD0002     12350.12             22             24          -2          0.23         12.3501
ABAD0003     19256.17             31             32          -1          0.53         19.2562
ABAE0001      7280.35             15             24          -9          0.00          7.2804
ABAE0002      8072.42             16             24          -8          0.00          8.0724
ABAE0003      8888.45             18             24          -6          0.00          8.8884
ABAF0001      2165.81              7              8          -1          0.19          2.1658
ABAF0002      5090.60             12             16          -4          0.01          5.0906
ABAF0003      1145.93              5              8          -3          0.00          1.1459
ABAG0001      6596.53             14             16          -2          0.14          6.5965
ABAG0002      2522.70              8              8           0          0.48          2.5227
ABAG0003      8831.41             18             24          -6          0.00          8.8314
ABAH0001      5972.56             13             16          -3          0.05          5.9726
ABAH0002      2621.79              8              8           0          0.60          2.6218
ABAH0003      1310.78              6              8          -2          0.01          1.3108
ABAI0001      6071.76             14             16          -2          0.06          6.0718
ABAI0002     25936.97             40             48          -8          0.00         25.9370
ABAI0003     13865.49             24             32          -8          0.00         13.8655
ABAJ0001      2243.79              7              8          -1          0.23          2.2438
ABAJ0002      3521.57             10             16          -6          0.00          3.5216
ABAK0001      1910.83              7              8          -1          0.09          1.9108
ABAK0002      1226.79              5              8          -3          0.00          1.2268
ABAL0001     11759.27             22             32         -10          0.00         11.7593
ABAL0002     22369.69             35             40          -5          0.00         22.3697
ABAL0003     16931.14             28             32          -4          0.07         16.9311
ABAM0001     12401.33             22             24          -2          0.24         12.4013
ABAM0002      2597.78              8              8           0          0.57          2.5978
ABAN0001      1703.90              6              8          -2          0.04          1.7039
ABAN0002       944.89              5              8          -3          0.00          0.9449
ABAN0003      1583.93              6              8          -2          0.03          1.5839
ABAO0001      1937.81              7              8          -1          0.09          1.9378
ABAO0002      3374.60              9              8           1          2.46          3.3746
ABAO0003      4706.51             11              8           3         12.77          4.7065
ABAP0001      9425.41             18             24          -6          0.01          9.4254
ABAP0002     16592.11             28             24           4          6.10         16.5921
ABAQ0003     12530.68             23             24          -1          0.27         12.5307
ABAQ0004      3071.84              9             16          -7          0.00          3.0718
ABAR0001     10031.29             19             24          -5          0.01         10.0313
ABAR0002         0.00              1              8          -7          0.00          0.0000
ABAS0003      8318.79             17             24          -7          0.00          8.3188
ABAS0004      3803.83             10              8           2          4.59          3.8038
ABAT0001       728.86              4              8          -4          0.00          0.7289
ABAT0002      2918.79              9              8           1          1.11          2.9188
ABAV0002      3656.72             10             16          -6          0.00          3.6567
ABAV0003       401.89              3              8          -5          0.00          0.4019
ABAW0001       404.86              3              8          -5          0.00          0.4049
ABAW0002       689.94              4              8          -4          0.00          0.6899
ABAX0001       935.89              5              8          -3          0.00          0.9359
ABAX0002       137.99              2              8          -6          0.00          0.1380
ABAX0003       683.91              4              8          -4          0.00          0.6839
ABAY0002      2852.91              8              8           0          0.97          2.8529
ABAY0003      2042.78              7              8          -1          0.13          2.0428
ABAZ0001      2489.76              8              8           0          0.44          2.4898
ABAZ0002       200.93              3              8          -5          0.00          0.2009
ABBA0001      4640.65             11             16          -5          0.00          4.6406
ABBA0002      1376.91              6              8          -2          0.01          1.3769
ABBB0002      1448.82              6              8          -2          0.01          1.4488
ABBB0003         9.00              1              8          -7          0.00          0.0090
ABBC0001      2084.83              7              8          -1          0.15          2.0848
ABBC0002        65.99              2              8          -6          0.00          0.0660
ABBD0002        50.99              2              8          -6          0.00          0.0510
ABBE0001       326.99              3              8          -5          0.00          0.3270
ABBE0002       425.97              3              8          -5          0.00          0.4260
ABBF0001      2192.87              7              8          -1          0.20          2.1929
ABBF0003      1901.86              7              8          -1          0.08          1.9019
ABBG0001       920.90              5              8          -3          0.00          0.9209
ABBG0002      1751.85              6              8          -2          0.05          1.7519
ABBH0003      1232.89              5              8          -3          0.00          1.2329
