Traffic Loading Report
----------------------

Traffic source: Traffic from traffic database                     

Circuit-switched blocking probability:   1.00%

Circuit-switched average call duration:   1.76 minutes

Percent of total traffic carried by group: 100.00 %

          Circuit Traffic  Circuit Traffic   Number of    Channel  Current Blocking Packet Traffic
Sector ID   (mErlangs)    Required Channels Channels Set Shortfall Probability (%)  (average mbps)
--------- --------------- ----------------- ------------ --------- ---------------- --------------
ABAA0001      5210.75             12             16          -4          0.01          5.2108
ABAA0002      5459.36             13             16          -3          0.02          5.4594
ABAA0003      3908.50             10             16          -6          0.00          3.9085
ABAB0001       290.93              3              8          -5          0.00          0.2909
ABAB0002       626.99              4              8          -4          0.00          0.6270
ABAB0003      1109.65              5              8          -3          0.00          1.1097
ABAC0001      5471.55             13             16          -3          0.02          5.4715
ABAC0002     12713.22             23             16           7         29.27         12.7132
ABAC0003     11468.45             21             16           5         15.22         11.4685
ABAD0001      4340.63             11             16          -5          0.00          4.3406
ABAD0002      9605.23             19             24          -5          0.01          9.6052
ABAD0003     15146.42             26             32          -6          0.01         15.1464
ABAE0001      8696.30             17             24          -7          0.00          8.6963
ABAE0002      9077.20             18             24          -6          0.00          9.0772
ABAE0003      9674.33             19             24          -5          0.01          9.6743
ABAF0001      5804.66             13             16          -3          0.04          5.8047
ABAF0002      8000.46             16             24          -8          0.00          8.0005
ABAF0003      1370.95              6              8          -2          0.01          1.3709
ABAG0001      9725.42             19             24          -5          0.01          9.7254
ABAG0002      4607.55             11             16          -5          0.00          4.6075
ABAG0003      7001.44             15             16          -1          0.26          7.0014
ABAI0001     18146.29             30             32          -2          0.22         18.1463
ABAI0002     25285.89             39             40          -1          0.00         25.2859
ABAI0003     14015.52             25             32          -7          0.00         14.0155
ABAJ0001      4418.80             11             16          -5          0.00          4.4188
ABAJ0002      4217.42             11             16          -5          0.00          4.2174
ABAK0001      9578.45             19             24          -5          0.01          9.5785
ABAK0002       767.79              4              8          -4          0.00          0.7678
ABAL0001     17599.75             29             32          -3          0.14         17.5998
ABAL0002     14675.31             25             32          -7          0.01         14.6753
ABAL0003     14975.28             26             32          -6          0.01         14.9753
ABAM0001     11450.16             21             24          -3          0.08         11.4502
ABAM0002      4109.74             11             16          -5          0.00          4.1097
ABAN0001      2084.92              7              8          -1          0.15          2.0849
ABAN0002      4610.61             11             16          -5          0.00          4.6106
ABAN0003      3497.90             10             16          -6          0.00          3.4979
ABAO0001      2516.81              8              8           0          0.47          2.5168
ABAO0002      5708.43             13             16          -3          0.03          5.7084
ABAO0003      2549.61              8              8           0          0.51          2.5496
ABAP0001     12119.36             22             24          -2          0.18         12.1194
ABAP0002     11801.03             22             24          -2          0.13         11.8010
